52,9 0.000000,0.000000 8.000000,4.000000 -0.000000,-0.000000 6.500000,2.250000 -122.000000,-64.500000
83,17 1.000000,5.000000 8.000000,4.000000 -1.000000,-5.000000 9.375000,-0.750000 -117.000000,-14.000000
81,17 0.000000,5.000000 8.000000,4.000000 -0.000000,-5.000000 10.125000,-0.750000 -18.750000,-20.062500
78,21 0.000000,6.000000 8.000000,4.000000 -0.000000,-6.000000 9.875000,-0.750000 18.250000,15.937500
17,22 0.000000,6.000000 8.000000,4.000000 -0.000000,-6.000000 2.125000,-0.500000 3.250000,3.937500
47,22 0.000000,6.000000 8.000000,4.000000 -0.000000,-6.000000 5.875000,-0.500000 10.750000,9.562500
81,23 0.000000,6.000000 8.000000,4.000000 -0.000000,-6.000000 10.125000,-0.250000 19.750000,15.562500
x y   viewx        viewy       width      height      offsetx      offsety      m_posx    m_posy
_offsetx     _offsety
x0y0
25,18 1.000000,5.000000 8.000000,4.000000 -1.000000,-5.000000 2.125000,-0.500000 3.250000,3.937500
38,18 1.000000,5.000000 8.000000,4.000000 -1.000000,-5.000000 3.750000,-0.500000 6.500000,6.375000
8,18 1.000000,5.000000 8.000000,4.000000 -1.000000,-5.000000 0.000000,-0.500000 -1.000000,0.750000
26,24 1.000000,5.000000 8.000000,4.000000 -1.000000,-5.000000 2.250000,1.000000 6.500000,1.875000
25,12 1.000000,5.000000 8.000000,4.000000 -1.000000,-5.000000 2.125000,-2.000000 0.250000,6.187500
